175
239
-78
-155
148
218
-176
120
233
113
-181
-85
53
-2
-85
92
-186
95
5
-172
231
189
-64
-213
6
-122
-198
-50
-112
-66
-164
-240
203
-123
201
-133
-96
-33
29
-117
199
2
-90
219
-79
-159
-75
-135
-60
7
-80
-59
117
84
181
151
174
8
-19
141
-25
-175
-58
-94
232
200
195
166
-187
197
37
-75
180
206
-113
-213
158
-206
217
120
187
180
79
-102
189
58
-243
226
-19
245
-237
-47
99
-238
-59
206
-209
-177
114
162
20
182
211
-204
-38
-200
-152
33
186
10
211
45
-181
170
225
223
-111
-78
174
-95
83
240
-196
-200
-248
-67
-24
-208
-184
5
87
-118
-122
-118
-67
-186
115
-206
-223
118
-66
-114
246
-213
165
-59
218
119
-136
29
236
-244
-157
93
-203
42
-164
-26
-209
221
88
10
-209
-187
81
16
-98
-146
111
-24
32
-157
-173
83
-193
100
         239
         -78
        -155
        -176
        -181
        -186
        -213
        -240
        -243
        -248
        -244
        -237
        -238
        -223
        -198
        -213
        -206
        -209
        -213
        -208
        -209
        -209
        -204
        -206
        -200
        -203
        -200
        -187
        -196
        -193
        -187
        -184
        -186
        -177
        -181
        -172
        -175
        -173
        -164
        -159
        -164
        -157
        -157
         -85
        -122
        -123
        -133
        -135
        -152
        -136
        -146
        -112
        -117
        -118
        -122
        -118
        -113
        -114
         -96
        -102
        -111
         -98
         -90
         -94
         -95
         -85
         -79
         -80
         148
         120
         113
          53
          -2
         -64
         -66
         -75
         -78
         -75
         -67
         -67
         -66
         -50
         -60
         -59
         -58
         -59
         -59
         -33
         -47
         -38
         -19
         -25
         -26
         -24
         -24
         -19
           5
           2
           6
           5
          29
           7
           8
          20
          10
          10
          16
          37
          33
          29
          32
          45
          42
          92
          84
          79
          58
          83
          81
          83
          87
          88
          95
          93
          99
         111
         100
         117
         114
         115
         118
         119
         141
         120
         218
         189
         181
         151
         174
         166
         158
         162
         165
         170
         180
         174
         180
         187
         182
         186
         203
         201
         199
         195
         189
         197
         200
         206
         217
         206
         211
         211
         233
         231
         219
         218
         226
         225
         223
         221
         232
         236
         245
         240
         246
20
-11
190
14
180
-203
-97
137
220
-94
17
-211
178
-142
-117
12
33
-64
-61
78
67
         -11  no
         190  no
          14  no
         180  yes
        -203  yes
         -97  no
         137  no
         220  no
         -94  yes
          17  no
        -211  no
         178  no
        -142  no
        -117  yes
          12  no
          33  yes
         -64  yes
         -61  no
          78  no
          67  no

