175
239
-78
-155
148
218
-176
120
233
113
-181
-85
53
-2
-85
92
-186
95
5
-172
231
189
-64
-213
6
-122
-198
-50
-112
-66
-164
-240
203
-123
201
-133
-96
-33
29
-117
199
2
-90
219
-79
-159
-75
-135
-60
7
-80
-59
117
84
181
151
174
8
-19
141
-25
-175
-58
-94
232
200
195
166
-187
197
37
-75
180
206
-113
-213
158
-206
217
120
187
180
79
-102
189
58
-243
226
-19
245
-237
-47
99
-238
-59
206
-209
-177
114
162
20
182
211
-204
-38
-200
-152
33
186
10
211
45
-181
170
225
223
-111
-78
174
-95
83
240
-196
-200
-248
-67
-24
-208
-184
5
87
-118
-122
-118
-67
-186
115
-206
-223
118
-66
-114
246
-213
165
-59
218
119
-136
29
236
-244
-157
93
-203
42
-164
-26
-209
221
88
10
-209
-187
81
16
-98
-146
111
-24
32
-157
-173
83
-193
100

20
-11
190
14
180
-203
-97
137
220
-94
17
-211
178
-142
-117
12
33
-64
-61
78
67

