200
-103
72
-181
-116
-69
149
-171
-180
-121
40
69
129
-137
63
-226
-124
230
178
-163
-38
184
-12
-127
56
19
-115
43
5
-5
-30
-229
35
66
75
-148
-144
-89
215
-113
105
19
-115
80
70
108
212
104
-191
197
-77
54
175
166
226
-221
195
-108
247
-95
-19
183
-168
39
-29
4
240
79
-33
-191
244
84
38
156
-177
120
-19
-245
-52
-145
-197
172
-42
241
155
31
-94
-132
200
108
-74
-133
-61
-101
98
-57
-149
43
-235
-221
34
196
145
240
-130
89
-185
34
71
215
39
12
-100
-33
-185
97
133
85
-140
63
-245
-108
-169
120
122
79
-62
26
-61
152
-243
-51
-222
183
-166
192
208
-36
91
241
-64
-187
65
-214
-126
-141
-140
-34
-15
-40
147
-161
-26
239
182
92
-171
124
-3
-79
-34
128
28
131
-193
118
-160
111
-218
-238
100
-250
-92
85
96
104
-69
-77
-151
-234
-192
-103
189
-180
-121
223
-17
216
111
133
111
246
-213
240
46
-145
185
37
-98
80
145
        -103
        -181
        -226
        -229
        -245
        -250
        -235
        -245
        -243
        -238
        -234
        -191
        -221
        -222
        -197
        -221
        -214
        -218
        -213
        -193
        -192
        -191
        -185
        -187
        -185
        -116
        -171
        -180
        -177
        -180
        -121
        -137
        -163
        -168
        -169
        -171
        -166
        -148
        -149
        -161
        -160
        -151
        -144
        -145
        -145
        -140
        -141
        -140
        -124
        -127
        -132
        -133
        -130
        -126
        -121
        -115
        -113
        -115
        -108
        -108
          72
         -69
         -89
         -95
        -101
        -103
        -100
         -98
         -94
         -92
         -77
         -79
         -74
         -77
          40
         -38
         -52
         -61
         -62
         -64
         -69
         -57
         -61
         -42
         -51
         -40
         -12
         -30
         -33
         -36
         -34
         -34
         -33
         -19
         -29
         -26
         -19
         -15
         -17
          19
           5
          -5
           4
          -3
          12
          35
          19
          31
          26
          28
          34
          34
          39
          38
          37
          39
          69
          63
          56
          43
          54
          43
          46
          66
          63
          65
          70
          71
         149
         129
          75
         105
          80
          79
          79
         104
          84
          80
          98
          89
          85
          85
          97
          91
          92
          96
         100
         104
         108
         120
         108
         118
         111
         111
         111
         120
         122
         124
         128
         145
         133
         131
         133
         147
         145
         230
         178
         175
         166
         156
         155
         152
         172
         184
         183
         182
         183
         215
         212
         197
         195
         192
         189
         185
         196
         200
         208
         226
         215
         223
         216
         247
         240
         239
         244
         241
         240
         240
         241
         246
20
-216
-249
-144
60
-207
-17
-112
-210
-59
215
-52
115
147
-187
231
-181
37
-212
106
-182
        -216  no
        -249  no
        -144  yes
          60  no
        -207  no
         -17  yes
        -112  no
        -210  no
         -59  no
         215  yes
         -52  yes
         115  no
         147  yes
        -187  yes
         231  no
        -181  yes
          37  yes
        -212  no
         106  no
        -182  no

