200
-103
72
-181
-116
-69
149
-171
-180
-121
40
69
129
-137
63
-226
-124
230
178
-163
-38
184
-12
-127
56
19
-115
43
5
-5
-30
-229
35
66
75
-148
-144
-89
215
-113
105
19
-115
80
70
108
212
104
-191
197
-77
54
175
166
226
-221
195
-108
247
-95
-19
183
-168
39
-29
4
240
79
-33
-191
244
84
38
156
-177
120
-19
-245
-52
-145
-197
172
-42
241
155
31
-94
-132
200
108
-74
-133
-61
-101
98
-57
-149
43
-235
-221
34
196
145
240
-130
89
-185
34
71
215
39
12
-100
-33
-185
97
133
85
-140
63
-245
-108
-169
120
122
79
-62
26
-61
152
-243
-51
-222
183
-166
192
208
-36
91
241
-64
-187
65
-214
-126
-141
-140
-34
-15
-40
147
-161
-26
239
182
92
-171
124
-3
-79
-34
128
28
131
-193
118
-160
111
-218
-238
100
-250
-92
85
96
104
-69
-77
-151
-234
-192
-103
189
-180
-121
223
-17
216
111
133
111
246
-213
240
46
-145
185
37
-98
80
145

20
-216
-249
-144
60
-207
-17
-112
-210
-59
215
-52
115
147
-187
231
-181
37
-212
106
-182

