225
115
8
-122
218
116
-133
-184
-65
230
-5
-12
112
-89
189
16
206
-235
-211
-106
-127
194
189
88
-161
195
57
45
-178
159
10
100
241
-240
-35
-103
-142
114
-166
-128
-211
-124
-243
-206
163
191
-138
-18
181
-246
-29
181
-218
-224
-187
-218
35
55
7
-175
-16
-183
88
-77
-108
-79
-144
34
77
119
-10
-237
-100
-105
61
-85
67
-21
233
-48
233
113
-133
-149
-83
218
120
82
197
-209
126
-174
120
111
110
-92
-46
-111
109
-30
-130
2
-23
-7
-152
26
-170
116
-241
-85
-195
49
-187
156
181
-225
-2
-150
-122
238
76
-141
-57
39
-195
161
-22
105
-34
150
162
-141
-232
-89
164
106
-14
230
-135
155
184
-29
8
-186
198
-2
-187
71
65
20
-144
-61
220
-171
-225
-190
-180
-27
-163
178
38
67
-226
-199
-156
-240
-183
-204
182
58
107
-218
-219
79
233
205
171
171
132
-42
83
-73
118
227
-79
-20
43
192
-245
-4
198
6
140
-61
-160
-72
148
-63
-198
225
-206
-148
-224
-53
-184
162
75
-165
199
245
51
100
189
-39
37
-133
-183
-97
-70
-176
-98
-152
5
115
22
110
         115
           8
        -122
        -133
        -184
        -235
        -240
        -243
        -246
        -245
        -241
        -237
        -240
        -211
        -218
        -224
        -225
        -232
        -226
        -225
        -219
        -224
        -218
        -218
        -211
        -206
        -209
        -187
        -195
        -199
        -204
        -206
        -198
        -195
        -190
        -187
        -186
        -187
        -161
        -178
        -183
        -184
        -180
        -183
        -183
        -166
        -175
        -176
        -174
        -170
        -171
        -163
        -165
        -142
        -144
        -149
        -152
        -156
        -160
        -150
        -152
        -148
        -144
        -138
        -141
        -141
        -135
        -127
        -128
        -133
        -130
        -133
        -124
         -65
         -89
        -106
        -108
        -111
        -122
        -103
        -105
        -100
         -92
         -97
         -98
         -77
         -79
         -85
         -89
         -83
         -85
         -79
         -73
         -72
         -70
          -5
         -12
         -35
         -48
         -57
         -61
         -63
         -61
         -53
         -46
         -42
         -39
         -18
         -29
         -30
         -34
         -21
         -23
         -29
         -27
         -22
         -20
         -16
         -14
         -10
          -7
           7
           2
          -2
          -4
          -2
           6
           5
         112
          16
          10
           8
          88
          57
          45
          35
          34
          26
          20
          22
          39
          38
          37
          43
          55
          49
          51
          77
          61
          58
          67
          65
          76
          71
          67
          75
          82
          79
          83
         100
          88
         111
         110
         109
         105
         100
         106
         107
         110
         114
         113
         218
         116
         115
         189
         159
         119
         116
         118
         120
         126
         120
         156
         150
         132
         140
         148
         155
         163
         161
         162
         162
         181
         164
         178
         171
         171
         181
         181
         184
         182
         206
         194
         189
         191
         189
         192
         195
         197
         198
         205
         198
         199
         230
         218
         220
         227
         225
         241
         233
         230
         233
         238
         233
         245
20
-222
224
-180
-26
-122
208
111
210
133
-107
63
100
227
58
34
8
89
-176
132
-69
        -222  no
         224  no
        -180  yes
         -26  no
        -122  yes
         208  no
         111  yes
         210  no
         133  no
        -107  no
          63  no
         100  yes
         227  yes
          58  yes
          34  yes
           8  yes
          89  no
        -176  yes
         132  yes
         -69  no

