225
115
8
-122
218
116
-133
-184
-65
230
-5
-12
112
-89
189
16
206
-235
-211
-106
-127
194
189
88
-161
195
57
45
-178
159
10
100
241
-240
-35
-103
-142
114
-166
-128
-211
-124
-243
-206
163
191
-138
-18
181
-246
-29
181
-218
-224
-187
-218
35
55
7
-175
-16
-183
88
-77
-108
-79
-144
34
77
119
-10
-237
-100
-105
61
-85
67
-21
233
-48
233
113
-133
-149
-83
218
120
82
197
-209
126
-174
120
111
110
-92
-46
-111
109
-30
-130
2
-23
-7
-152
26
-170
116
-241
-85
-195
49
-187
156
181
-225
-2
-150
-122
238
76
-141
-57
39
-195
161
-22
105
-34
150
162
-141
-232
-89
164
106
-14
230
-135
155
184
-29
8
-186
198
-2
-187
71
65
20
-144
-61
220
-171
-225
-190
-180
-27
-163
178
38
67
-226
-199
-156
-240
-183
-204
182
58
107
-218
-219
79
233
205
171
171
132
-42
83
-73
118
227
-79
-20
43
192
-245
-4
198
6
140
-61
-160
-72
148
-63
-198
225
-206
-148
-224
-53
-184
162
75
-165
199
245
51
100
189
-39
37
-133
-183
-97
-70
-176
-98
-152
5
115
22
110

20
-222
224
-180
-26
-122
208
111
210
133
-107
63
100
227
58
34
8
89
-176
132
-69

