105
88 
748 
406 
793 
525 
813 
180 
737 
891 
262 
295 
112 
613 
957 
946 
151 
296 
27 
608 
717 
794 
555 
844 
991 
975 
601 
460 
311 
152 
3 
962 
721 
238 
146 
760 
71 
987 
210 
821 
204 
612 
787 
956 
712 
841 
926 
703 
485 
19 
577 
975 
236 
191 
364 
590 
793 
650 
40 
164 
281 
34 
845 
183 
838 
624 
983 
651 
738 
693 
456 
307 
269 
984 
302 
864 
545 
186 
744 
51 
105 
378 
808 
933 
310 
407 
274 
117 
814 
47 
641 
286 
763 
171 
478 
232 
703 
354 
764 
62 
840 
931 
609 
909 
225 
179 
12
828 
290 
448 
540 
854 
543 
986 
737 
105
271 
738
977
