violet:~/CS450/P1> ./binary_tree-f
105
88
748
406
793
525
813
180
737
891
262
295
112
613
957
946
151
296
27
608
717
794
555
844
991
975
601
460
311
152
3
962
721
238
146
760
71
987
210
821
204
612
787
956
712
841
926
703
485
19
577
975
236
191
364
590
793
650
40
164
281
34
845
183
838
624
983
651
738
693
456
307
269
984
302
864
545
186
744
51
105
378
808
933
310
407
274
117
814
47
641
286
763
171
478
232
703
354
764
62
840
931
609
909
225
179
          88
          27
           3
          19
          71
          40
          34
          51
          47
          62
         748
         406
         180
         112
         105
         151
         146
         117
         152
         164
         171
         179
         262
         238
         210
         204
         191
         183
         186
         236
         232
         225
         295
         281
         269
         274
         286
         296
         311
         307
         302
         310
         364
         354
         378
         525
         460
         456
         407
         485
         478
         737
         613
         608
         555
         545
         601
         577
         590
         612
         609
         717
         712
         703
         650
         624
         641
         651
         693
         703
         721
         738
         744
         793
         760
         787
         763
         764
         813
         794
         793
         808
         891
         844
         821
         814
         841
         838
         840
         845
         864
         957
         946
         926
         909
         933
         931
         956
         991
         975
         962
         987
         975
         983
         984
12
828
290
448
540
854
543
986
737
105
271
738
977
         828  no
         290  no
         448  no
         540  no
         854  no
         543  no
         986  no
         737  yes
         105  yes
         271  no
         738  yes
         977  no

